5105219
2870438
5364754
4176933
5556847
5380580
5338221
1125740
5451333
5326850
4345547
5793846
4316180
3661988
5236425 
5331230
78202
2824235
4318280
3758956
3149708
4155461
5308569
5418355
3855144
4556535
4033210
4487869
5223769
4096733
5645992
5341154
5175590
5236271
4870677
4095604
4930006
5080065
4224364
4282652
5454283
5646979
4615222
4320427
4519578
995229
4487327
78202
1706263
5012172
5158379
4266336
3248032
4973705
5510630
4521948
4498259
5220708
3459454
2694822
3567104
4514084
3662151
5153545
5282930
4537218
4534021
4539334
3411911
3914144
4282092
3428428
1713116
5252028
3933283
1713621
2824094
3729725
3539875
5267719
5448024
4361483
1520066
5264235
5438429
5332165
4897433
5410583
5040354
4356437
5274040
5418035
5203302
4005668
4619185
4732255
5256135
5267943
5284800
4580176
2986558
5690120
4982721
4345975
5263563
5455760
4592835
5220708
4436340
4197672
5282632
5648901
5735349
5717497
5660728
5013549
5337694
5796780
5381367
3288001
5263620
5785890
4514561
3720412
5326917